   1.0154838e+00
   1.0615075e+00
  -1.7102560e-02
  -1.6194384e+00
  -1.5197224e-01
   4.1238799e-01
  -1.1589812e-02
  -1.4040819e+00
  -2.5134115e+00
  -2.5999270e+00
  -2.4391905e+00
  -6.9716918e-01
   1.3407052e+00
   2.7566962e+00
   2.7493455e+00
   2.2765768e+00
   7.1018771e-01
  -8.6893063e-01
   3.8842530e-01
   2.1480514e+00
   2.4464908e+00
   5.7151424e-01
  -3.3029999e-01
   4.5162395e-01
   1.7789238e-01
   7.4939653e-02
   2.8447259e+00
   3.3017481e+00
   3.9693377e-03
  -3.9558038e+00
  -5.2687979e+00
  -4.4437569e+00
  -4.3777180e+00
  -1.5310506e+00
   1.6761947e+00
   2.4507937e+00
   2.4268558e+00
  -1.0805209e+00
  -1.2606395e+00
   6.2024012e-01
  -5.0754687e-01
  -3.0794101e+00
  -3.4011657e+00
   1.1766873e-01
   2.1053990e+00
   2.4014397e+00
   1.9332106e+00
   2.0430106e+00
   5.2275527e-01
   5.6494002e-02
   1.3320101e+00
   1.0356819e+00
   6.7262869e-01
   2.1530303e+00
   2.5963513e+00
   2.4727278e+00
   8.9581511e-01
   6.8074018e-01
   3.1719743e+00
   2.7728598e+00
   1.8560037e-01
  -1.6576771e+00
  -1.0718454e+00
  -8.4879775e-01
  -1.2131449e+00
  -2.2124134e+00
  -1.4221948e+00
  -7.8854133e-01
  -2.0689710e-01
   1.3362905e+00
   1.2447525e+00
   9.1502014e-01
   4.6727071e-01
  -3.4602272e-01
   6.4555262e-01
   1.3470781e+00
  -2.5665861e-01
   5.3428885e-01
   5.2552886e-01
  -1.0069776e-01
  -5.6665408e-01
  -1.3271537e+00
  -6.4778555e-01
   9.7936302e-01
   1.0866510e+00
   7.1565116e-01
   4.7706751e-01
   1.2580138e-01
  -1.1035608e+00
  -1.7476718e+00
   3.3360420e-01
   5.5336073e-01
  -1.6384224e+00
  -4.4970714e-01
   2.1555212e+00
   3.0125744e+00
   9.7504962e-01
   9.7018469e-01
   1.2281482e+00
  -9.5170728e-01
  -2.2421475e+00
  -1.5509941e+00
   7.1827018e-03
   7.4208932e-01
   3.5389433e-01
   1.8036599e+00
   1.8811639e+00
   7.2386608e-01
  -1.9707401e-01
  -2.7284699e-01
  -1.7583398e+00
  -1.9396111e+00
  -1.7380364e+00
  -2.0278002e+00
  -2.3588582e+00
  -3.5017221e+00
  -4.9811220e+00
  -5.4736466e+00
  -3.8509398e+00
  -1.6474292e+00
   9.5347266e-01
   2.4547576e+00
  -1.5955823e-01
  -2.8432667e+00
  -2.6706177e+00
  -4.2423425e+00
  -4.8797519e+00
  -3.7718539e+00
  -2.4056843e+00
  -6.1870214e-01
   9.7574285e-01
   1.1044537e+00
   2.6821817e-01
   1.4238495e+00
   3.8503670e+00
   3.3962076e+00
   1.8864727e+00
   2.9130156e-01
  -5.5818123e-01
   4.6155479e-01
   2.9477558e-01
  -1.6850789e-01
   3.8105554e-02
  -5.7380000e-01
  -1.3837946e+00
   6.1786019e-01
   8.7083235e-01
  -7.7802603e-01
  -2.3691695e+00
  -2.7204687e+00
  -1.3119136e+00
  -9.9688143e-01
  -6.7524973e-01
  -8.5278352e-01
   1.7789083e-01
   1.0900465e+00
   1.4072455e+00
   3.6474003e+00
   4.3706407e+00
   4.3059643e+00
   3.9013199e+00
   2.2311836e+00
   1.6732969e-01
  -1.0227809e+00
   2.3669144e-01
   1.9310595e+00
   8.1393023e-01
  -5.3207924e-01
  -1.7731086e+00
  -1.7970475e+00
   1.3604042e-01
   1.0950086e-01
  -3.3281776e+00
  -3.5369945e+00
   1.6420961e+00
   4.0867907e+00
   3.1793306e+00
   2.4304019e+00
   2.6451401e+00
   4.4424087e+00
   5.8602002e+00
   4.5406038e+00
   2.5854139e+00
   1.8113971e+00
   4.2942586e-01
   7.3185044e-01
   1.5272442e+00
   2.6029364e+00
   2.6138690e+00
   3.0647875e+00
   1.2611353e+00
   1.0601834e+00
   5.7571470e-01
  -1.9203739e+00
  -1.9431503e+00
  -2.5806946e+00
  -2.2456700e+00
  -4.2872850e-01
   1.4994314e+00
   1.5514198e+00
