  -1.2744288e-01
   5.5417156e-01
  -1.0973443e+00
  -7.3130140e-01
   1.4047319e+00
  -6.2021421e-01
   2.3714877e-01
  -1.5868470e+00
  -4.0148481e-01
  -7.7069227e-01
  -2.6268051e-01
   9.7648954e-01
   9.7781504e-01
   1.1700211e+00
   1.5931086e-01
   4.9952085e-01
  -1.0553751e+00
  -4.5074320e-01
   1.2703782e+00
   8.9869360e-01
   4.3870510e-01
  -1.2473443e+00
   3.2466692e-01
   3.9007041e-01
  -4.0513832e-01
   2.9231488e-01
   2.5659102e+00
  -4.5781564e-01
  -1.6108270e+00
  -2.6695238e+00
  -7.5969665e-01
  -6.7472086e-01
  -1.1716872e+00
   2.0329300e+00
   9.6848105e-01
   6.7029200e-01
   4.2014604e-01
  -2.8727513e+00
   1.6858741e+00
   2.7924554e-02
  -9.0203058e-01
  -2.0532575e+00
   8.9086298e-02
   2.0870991e+00
   3.6511846e-01
   8.4610553e-01
  -1.8453766e-01
   1.0307144e+00
  -1.5276227e+00
   9.6493896e-01
   5.2616250e-01
  -1.8445412e-01
   1.9878283e-01
   1.5904268e+00
   3.2191640e-02
   8.8916367e-01
  -1.2991525e+00
   1.1825731e+00
   1.8174717e+00
  -5.8430213e-01
  -1.0106738e+00
  -9.6049831e-01
   6.9115958e-01
  -7.5861821e-01
  -9.6971733e-02
  -1.4069490e+00
   1.0308125e+00
  -7.5987440e-01
   8.7412723e-01
   7.6112700e-01
  -1.6592345e-01
   3.0090744e-01
  -3.2246733e-01
  -3.6841128e-01
   1.1478953e+00
   4.1430260e-02
  -1.0980497e+00
   1.5667237e+00
  -1.0484234e+00
   4.2272368e-01
  -8.4441438e-01
  -3.1162976e-01
   3.9781048e-01
   1.0497860e+00
  -3.4079556e-01
   3.3629700e-01
  -2.2136078e-01
   1.6649494e-02
  -1.1923612e+00
  -1.3164630e-01
   1.4875243e+00
  -8.3682123e-01
  -1.3009819e+00
   1.5741319e+00
   1.1660400e+00
   7.8642969e-01
  -1.4616388e+00
   1.5544659e+00
  -5.9753538e-01
  -1.2105679e+00
  -7.0266880e-01
   3.5642939e-01
   6.5263567e-01
   2.1567116e-01
  -2.6389619e-01
   1.8024402e+00
  -6.4298417e-01
   1.0955505e-01
  -7.1903770e-01
   4.2062757e-01
  -1.9311337e+00
   6.6029978e-01
  -1.1025096e+00
  -1.0297064e-01
  -1.0598015e+00
  -1.2385659e+00
  -1.8892361e+00
  -9.7358455e-01
   2.1211584e-01
   4.9344199e-01
   1.5471766e+00
   6.4493275e-01
  -2.1483590e+00
  -1.0288445e+00
  -1.4158212e-01
  -2.5267061e+00
  -3.1298149e-01
  -5.9361762e-01
   3.3232216e-01
   5.5885070e-01
   8.9988357e-01
  -2.0089886e-01
  -2.3373497e-01
   1.4499066e+00
   1.8361320e+00
  -3.8291826e-01
   1.5508274e-01
  -9.6464825e-01
   3.8756431e-02
   7.6545839e-01
  -5.9452401e-01
   1.3024598e-01
   3.5013505e-02
  -6.2467414e-01
  -5.3977524e-01
   1.8799571e+00
  -1.0038495e+00
  -4.9744588e-01
  -1.5043972e+00
  -9.5449299e-02
   3.9672705e-01
  -5.2711491e-01
   3.4457106e-01
  -7.2329053e-01
   1.2681934e+00
  -3.1242658e-02
   7.7821174e-01
   2.1804836e+00
   4.3781368e-01
   1.3333290e+00
   2.5107814e-01
  -3.1047091e-01
  -9.2300372e-01
  -3.8477574e-01
   1.1581806e+00
   8.6250019e-01
  -1.0347056e+00
  -1.9267288e-01
  -1.2997228e+00
   3.0659592e-01
   9.6899218e-01
  -7.4731713e-01
  -2.7960244e+00
   6.9673155e-01
   3.2069075e+00
   5.3600704e-01
   2.9845054e-01
   2.8404316e-01
   9.5966437e-01
   2.0875931e+00
   1.5246805e+00
  -1.9526079e-01
   1.7260316e-02
   2.4634044e-01
  -8.5448472e-01
   1.1577827e+00
   1.6190772e-01
   1.5570638e+00
  -1.9354386e-01
   1.6513012e+00
  -1.8987782e+00
   1.8225248e+00
  -1.5184151e+00
  -1.0510706e+00
   4.9930513e-02
  -1.4547489e+00
   4.6654585e-01
   5.4543684e-01
   1.3203191e+00
  -4.0449433e-01
