  -1.5805761e+00
  -2.4677863e+00
  -2.9462647e+00
  -2.5430928e+00
  -3.9373108e+00
  -4.1764139e+00
  -2.4324779e+00
  -3.3003366e+00
  -4.2076986e+00
  -3.6379472e+00
  -2.2938662e+00
   7.8696821e-01
   1.8389305e+00
   2.1056328e+00
   1.0586259e+00
  -9.8318728e-01
  -3.1290118e+00
  -4.3457297e+00
  -3.1426901e+00
  -2.0455735e+00
  -5.3853477e-01
  -3.7847085e-01
  -9.5505953e-01
   4.3686287e-02
   1.1333276e+00
   2.6795091e+00
   3.3998406e+00
   2.3423677e+00
   2.1302004e+00
   5.5651810e-01
  -8.4410994e-01
  -2.2293717e+00
  -4.5817013e+00
  -4.7004925e+00
  -4.1975618e+00
  -3.4694685e+00
  -1.1319660e+00
  -4.4408187e-01
  -1.0160134e+00
   2.6188804e-01
   8.5975832e-01
   2.1583333e+00
   1.8832347e+00
   3.8095969e+00
   4.0498497e+00
   2.6659871e+00
   1.1306936e+00
  -7.4434161e-01
  -4.8272473e-01
   8.6193702e-01
   2.1679305e+00
   1.9960999e+00
  -1.1533614e+00
  -2.2730508e+00
  -2.0076460e+00
  -3.6155040e-02
   3.6019348e+00
   4.2766716e+00
   3.7127928e+00
   2.7082977e+00
   8.6844729e-01
  -1.7517385e+00
  -3.0426639e+00
  -3.3720333e+00
  -2.9515689e+00
  -1.9101247e+00
  -1.2462425e+00
  -1.5683218e+00
  -4.5618318e-01
   9.0483748e-01
   3.6210407e+00
   4.5338696e+00
   5.2387667e+00
   4.8969738e+00
   4.2078972e+00
   3.2141272e+00
   1.0766035e+00
  -1.5670567e+00
  -2.9797706e+00
  -3.9079838e+00
  -2.5877489e+00
  -7.0909930e-01
   1.2173128e+00
   2.8701059e+00
   3.2633459e+00
   2.5645079e+00
   1.0606186e+00
   4.4618479e-01
  -1.3197079e+00
  -3.0350311e+00
  -4.0588930e+00
  -4.4239956e+00
  -2.9881641e+00
  -1.6870248e+00
  -7.3517323e-01
  -4.4874035e-01
   6.7636248e-02
   1.3415908e+00
   2.9277062e+00
   3.6270745e+00
   1.2731133e+00
  -2.5510761e+00
  -4.2392622e+00
  -4.4181501e+00
  -2.6805939e+00
  -1.8005758e+00
  -1.5529990e-01
   2.6531541e+00
   3.8467765e+00
   1.9691339e+00
   3.0283544e-01
  -1.0398892e+00
  -1.5112025e+00
  -2.4271028e+00
  -2.2929733e+00
   2.4587265e-01
   2.0433137e+00
   2.2805490e+00
   1.6791405e+00
  -2.5553712e-01
  -2.1922039e+00
  -2.0047924e+00
   1.4776032e-01
   1.2733998e+00
   3.0865714e+00
   3.6923364e+00
   3.4452425e+00
  -1.7303083e-01
  -2.3184552e+00
  -9.5808105e-01
   2.0656272e-01
  -6.4196530e-02
   6.2416098e-01
   1.0149292e+00
   3.5888664e-01
   1.4002480e+00
   2.7015245e+00
   2.2915872e+00
   1.3596326e+00
   7.5363530e-01
   2.0830873e+00
   4.0468156e+00
   1.5799784e+00
  -1.2159120e+00
  -3.4623960e+00
  -7.7579281e-01
   1.9100354e+00
   4.1327262e+00
   2.3541145e+00
  -9.0532558e-01
  -1.1572960e+00
  -4.5565719e-01
  -3.7441993e-01
   1.2405538e+00
   1.4997657e+00
  -1.3162208e+00
  -2.3911194e+00
  -8.1168895e-01
   1.4503206e+00
   5.2727671e-01
   7.4373048e-01
  -2.0351473e-01
  -7.8325786e-01
  -7.3732281e-01
   1.2122840e+00
   2.7185161e-01
  -1.4025864e+00
  -5.5608956e-01
   1.0522523e+00
   1.5088936e+00
  -6.5936439e-01
  -1.6457646e+00
  -4.0215691e-02
   1.2202075e+00
   5.0258478e-01
  -1.1376915e+00
  -2.2207449e+00
  -1.1022655e+00
   9.8952294e-01
   2.6012371e+00
  -1.0529969e-01
  -1.5252877e+00
  -1.2834713e+00
  -1.4522191e+00
   6.9992871e-01
   2.0047646e+00
   4.3490458e-01
  -2.0387805e+00
  -2.1151409e+00
   1.3312232e+00
   4.5407990e+00
   2.2959539e+00
  -2.7806100e+00
  -2.2537152e+00
   3.1173956e-01
   2.2586131e+00
   1.2354561e+00
  -1.4224959e+00
  -3.7804562e+00
  -2.6493782e-01
   1.7294826e+00
   3.9248900e-01
  -3.8663115e-01
  -7.2254607e-01
  -3.4501033e-01
   1.5169965e+00
   4.8388456e-01
   1.6712348e-01
  -8.7594010e-01
  -8.4705170e-01
  -2.7738484e-01
  -6.5734251e-01
  -1.5597036e+00
  -3.6141589e-01
   1.4292592e+00
   1.3939769e+00
  -3.8967230e-01
   1.6323082e-01
   1.5563605e-01
   1.3021131e+00
   6.7903278e-01
  -1.4059388e+00
  -6.1948670e-01
   2.3801961e+00
  -4.3733803e-01
  -1.1539368e+00
  -1.0651640e+00
  -8.4653682e-02
   5.1693366e-01
  -3.6147977e-01
  -5.1006518e-01
   7.0709961e-01
   6.9854739e-01
  -6.3507093e-01
  -5.3265510e-01
   3.9385652e-01
   1.8143740e+00
   8.5806082e-01
   1.7392232e+00
  -1.4037951e+00
  -8.2943355e-01
   6.6562935e-01
   7.8033848e-01
   2.0206834e-01
   1.7905549e+00
  -1.7159694e+00
  -1.1092456e+00
   1.2385363e+00
   1.1686455e+00
  -1.6427817e+00
  -1.9683826e+00
   7.3895134e-01
   8.9885273e-01
   6.4048287e-01
  -1.5421358e+00
   8.1910400e-01
   1.5793445e+00
  -1.0496312e+00
  -1.1011746e+00
   8.1252481e-01
   6.1944169e-01
  -1.9047527e+00
   1.7014623e-01
   1.4159186e+00
   9.9290329e-01
  -3.1538250e+00
  -2.4097138e+00
   3.1640462e+00
   1.6026578e+00
   9.7915461e-02
  -1.6988065e+00
   4.3450120e-01
   2.3666066e+00
  -1.4890726e+00
  -3.5467516e-01
   1.4145657e+00
   3.8966852e-01
   5.6237295e-02
   1.3552801e+00
  -9.5951479e-01
  -1.1202245e+00
   1.9875226e+00
  -3.0251237e-01
  -1.3096039e+00
  -8.9202018e-01
   3.4888870e+00
  -1.8591172e+00
  -2.2999876e+00
   1.6542355e+00
  -8.5786831e-01
   1.0710439e+00
  -1.9754253e+00
  -8.2197655e-02
   1.8939043e+00
   2.2533515e-01
   4.6636889e-01
   6.6704045e-01
  -1.1172854e+00
   7.3482632e-01
   6.9163164e-01
  -3.4899657e+00
   7.7064140e-01
   1.7639291e+00
   1.4104779e+00
  -3.2956573e+00
   1.4649822e+00
   9.3547228e-01
  -1.4528335e+00
   1.5586142e-01
   2.2606178e+00
  -1.0628303e+00
  -1.6316444e+00
   9.6614914e-01
   2.0040990e+00
  -7.1458121e-01
  -1.1836236e+00
   2.7618300e+00
  -2.2252401e+00
   6.1422236e-01
   1.6245181e+00
  -2.4156291e+00
   8.0450992e-01
   1.5768793e+00
  -1.1571531e+00
   1.7967634e-01
  -1.1473143e+00
  -1.8295197e+00
   1.2016294e+00
  -2.5478132e-01
   6.6000886e-02
   1.6553768e+00
  -1.4555183e+00
   7.5952305e-02
   1.2407594e+00
   1.0685835e+00
  -3.1224485e+00
   9.0227855e-01
   2.1842137e+00
  -2.8483895e+00
   3.3757786e+00
  -1.7844956e+00
  -1.6122457e+00
   3.8550152e+00
  -1.1670983e+00
  -1.0058600e+00
   2.6540130e+00
  -2.8883965e+00
   4.3658919e+00
  -1.1166319e+00
  -9.4650681e-01
   1.1431481e+00
   7.7583177e-02
  -2.0488063e+00
   2.5635410e+00
  -2.6258854e+00
  -2.4150468e-01
   4.6316959e-01
  -3.1885898e-01
  -1.2049670e+00
   1.0720536e+00
  -1.2366699e+00
   9.3560811e-02
   1.5685559e+00
  -9.1990302e-01
  -1.0268291e+00
   2.7296241e+00
  -3.9845901e+00
   2.6962754e+00
  -1.9110658e+00
   7.1610790e-01
   1.4329995e+00
  -2.0946652e+00
   1.7946890e+00
  -1.5674776e-02
  -9.3352516e-01
   1.4252466e+00
  -1.4543727e+00
   1.9578895e+00
  -9.2202440e-01
   1.4926693e+00
  -1.5647103e+00
   1.5212114e+00
   3.4000192e-01
  -2.5392364e+00
   4.5958368e+00
  -4.3512180e+00
   1.2768659e+00
   2.1948183e+00
  -6.0249257e+00
   6.5621029e+00
  -3.2232301e+00
   1.2856363e+00
   2.8757841e-01
  -2.1122268e+00
   2.6817429e+00
  -3.0707220e+00
   2.9348592e+00
  -1.6457586e+00
   1.6244609e-01
   1.2521177e+00
  -5.0182039e-01
  -3.4280966e-01
   9.4931225e-01
  -1.3033060e+00
   8.5437884e-01
   1.5991326e-01
  -3.8151913e-02
  -1.8861722e+00
   5.2024095e+00
  -7.3612905e+00
   7.3783499e+00
  -4.9241839e+00
   2.4178428e+00
  -1.7264028e+00
   7.5202110e-01
  -2.4625073e+00
   3.2514355e+00
  -4.3479487e+00
   4.1697401e+00
  -2.5598376e+00
   8.8151245e-01
   2.2337325e-01
  -1.7647513e-01
   1.0493447e+00
  -1.1194930e+00
   3.9959714e-01
   9.8187180e-01
  -1.7868570e+00
   2.6079917e+00
  -2.2981026e+00
   9.5663865e-01
  -1.1959092e+00
   2.0192984e+00
  -2.6691552e+00
   2.7218181e+00
  -2.2653095e+00
   2.7522229e+00
  -1.8887954e+00
   7.9509545e-01
  -7.6904869e-01
   1.9664525e+00
  -2.2099590e+00
   1.3892811e+00
   5.4466841e-01
  -4.7095708e+00
   6.4554308e+00
  -6.8474253e+00
   5.9046537e+00
  -4.3532741e+00
   2.0855695e+00
  -2.5920566e+00
   9.5664977e-01
  -3.9122538e-01
  -1.6590987e+00
   2.6842408e+00
  -4.0339240e+00
   4.6515801e+00
  -2.4319528e+00
   5.7113925e-01
   1.2789057e+00
  -2.6304005e+00
   4.8752745e+00
  -5.7473762e+00
   7.4619482e+00
  -6.5773452e+00
   5.9604273e+00
  -3.7526926e+00
   1.1574213e+00
  -1.3282033e+00
   4.6556604e-01
   3.3036528e-01
  -7.2839452e-01
   1.4446590e+00
  -4.7389605e-01
  -1.2109793e-01
   1.0129288e+00
  -2.1787316e+00
   2.6959989e+00
  -1.8816985e+00
   1.6781760e+00
  -2.2607271e+00
   9.8237115e-01
  -8.4973965e-01
  -3.0727488e-01
   1.4401167e+00
  -1.0974127e+00
   3.8812065e-02
   1.4630926e+00
  -2.2159964e+00
   2.2146294e+00
  -3.0968479e+00
   4.3803863e+00
  -3.8949753e+00
   3.3138834e-02
   1.9677922e+00
  -1.2537359e+00
   2.2385275e-01
   3.2821451e+00
  -4.8248010e+00
   5.2172510e+00
